42
69
89
62
63
53
64
64
48
40
100
43
55
49
46
50
93
71
40
75
84
44
83
78
37
51
49
59
59
61
65
87
58
83
76
66
15
92
36
77
82
62
79
88
48
69
55
37
65
42
78
89
62
39
54
82
53
60
17
49
54
72
82
45
53
73
43
44
52
62
67
22
73
82
41
86
54
68
52
78
65
85
97
62
52
57
39
51
60
68
52
78
50
66
40
37
68
46
41
Training

0

55
82
67
56
64
86
87
68
53
72
85
88
94
34
49
55
68
76
60
68
68
32
61
87
50
79
77
93
48
80
34
67
81
52
52
50
23
51
71
84
68
55
65
100
36
75
81
49
64
59
65
77
82
39
45
31
28
45
63
58
47
81
57
39
55
57
44
49
70
65
56
60
67
58
61
64
55
73
48
84
67
61
30
86
52
47
100
77
69
65
67
74
80
58
83
48
62
71
67
77
1

57
46
78
61
63
21
34
33
58
88
89
76
47
81
73
59
84
73
74
87
58
19
77
75
18
91
63
69
61
74
52
29
68
67
84
47
56
71
72
57
81
53
71
48
60
67
86
51
64
84
17
82
61
41
53
26
57
58
59
22
60
65
65
86
61
93
33
65
68
69
43
43
55
78
52
53
86
60
54
72
85
40
52
71
70
61
75
41
70
46
73
56
47
67
48
50
64
36
57
48
2

58
65
37
62
100
94
16
62
67
70
73
65
43
69
90
57
70
68
64
64
8
77
67
68
69
51
77
68
57
58
82
80
79
69
63
51
55
65
73
83
40
65
75
64
76
63
76
51
73
37
77
63
70
77
50
76
66
78
57
24
68
55
54
79
14
58
68
42
47
72
73
81
59
87
47
62
51
89
62
100
70
58
77
71
56
68
52
58
65
59
30
52
70
37
59
60
33
27
64
90
3

16
39
69
56
59
63
50
64
81
52
56
70
66
35
59
55
28
66
75
44
31
54
61
93
76
75
73
60
72
94
51
71
78
60
55
41
73
68
43
73
64
56
61
69
50
56
100
82
43
49
39
92
81
87
88
81
79
66
43
74
65
59
75
71
61
68
52
50
69
64
54
52
62
71
47
57
67
63
82
71
61
65
37
74
61
65
86
100
70
78
91
46
70
69
57
62
48
66
82
78
4

44
50
56
72
47
52
87
41
72
65
58
92
64
63
91
66
42
46
75
54
32
84
73
76
86
66
62
50
69
50
76
84
76
53
57
86
54
82
79
81
72
76
66
36
83
39
58
60
65
92
43
47
47
43
63
65
61
42
63
44
91
61
77
69
56
64
31
65
83
80
46
43
62
66
51
37
58
46
69
55
51
50
38
77
75
66
66
29
43
59
67
68
66
77
21
72
67
44
49
92
5

79
68
94
58
46
29
39
77
40
44
69
67
75
66
42
68
51
39
41
38
62
65
42
63
63
61
62
91
55
40
90
62
52
53
61
100
42
61
26
64
51
61
70
57
50
46
51
68
32
48
50
62
90
46
92
48
64
72
33
54
79
52
81
63
56
65
69
77
41
62
68
42
92
46
47
51
64
54
81
61
61
87
61
65
73
76
60
43
64
42
73
91
67
63
65
74
37
62
57
71
6

33
73
70
46
63
44
69
72
74
53
53
74
88
58
37
95
53
56
72
38
84
54
49
49
43
55
36
73
62
79
57
81
47
62
83
89
66
52
49
65
80
39
87
27
43
66
53
61
54
66
39
26
69
52
64
73
62
46
60
80
61
63
73
59
60
69
60
53
57
78
50
57
81
90
40
55
64
47
70
76
61
37
57
74
22
79
69
79
71
83
90
85
69
46
76
57
75
48
76
98
7

57
45
53
72
49
53
91
40
50
95
83
77
80
77
80
78
47
58
53
80
79
61
74
57
47
95
66
98
43
76
77
72
63
6
68
36
45
86
53
67
57
48
94
80
47
46
52
20
52
38
73
51
70
71
69
59
72
72
56
66
44
72
70
59
43
52
64
82
90
59
85
69
82
71
62
49
68
66
91
71
91
71
87
27
65
76
81
40
43
50
57
68
66
50
55
60
65
58
72
66
8

54
76
22
70
72
81
79
68
86
74
72
72
63
59
58
48
69
62
86
41
57
43
98
81
44
56
39
63
69
59
18
74
58
83
85
74
51
73
71
68
80
54
62
72
58
20
75
73
54
64
45
63
33
75
49
81
75
67
45
47
58
78
76
68
54
29
57
79
71
62
75
92
82
78
60
76
